  0   0   0   0   0   0   0   0   0   0   0   0   0   0   0   0
  0   0   0   0   0   0   0   0   0   0   0   0   0   0   0   0
  0   0   0   0   0   0   0   0   0   0   0   0   0   0   0   0
  0   0   0   0   0   0   0   0   0   0   0   0   0   0   0   0
  0   0   0   0   0   0   0   0   0   0   0   0   0   0   0   0
  0   0   0   0   0   0   0   0   0   0   0   0   0   0   0   0
  0   0   0   0   0   0   0   0   0   0   0   0   0   0   0   0
  0   0   0   0   0   0   0   0   0   0   0   0   0   0   0   0
  0   0   0   0   0   0   0   0   0   0   0   0   0   0   0   0
  0   0   0   0   0   0   0   0   0   0   0   0   0   0   0   0
  0   0   0   0   0   0   0   0   0   0   0   0   0   0   0   0
  0   0   0   0   0   0   0   0   0   0   0   0   0   0   0   0
  0   0   0   0   0   0   0   0   0   0   0   0   0   0   0   0
  0   0   0   0   0   0   0   0   0   0   0   0   0   0   0   0
  0   0   0   0   0   0   0   0   0   0   0   0   0   0   0   0
  0   0   0   0   0   0   0   0   0   0   0   0   0   0   0   0
  0   0   0   0   0   0   0   0 142 240 240 240 240 240 240 240
  0   0   0   0   0   0   0   0 142 240 240 240 240 240 240 240
  0   0   0   0   0   0   0   0 142 240 240 240 240 240 240 240
  0   0   0   0   0   0   0   0 142 240 240 240 240 240 240 240
  0   0   0   0   0   0   0   0 142 240 240 240 240 240 240 240
  0   0   0   0   0   0   0   0 142 240 240 240 240 240 240 240
  0   0   0   0   0   0   0   0 142 240 240 240 240 240 240 240
  0   0   0   0   0   0   0   0 113 191 191 191 191 191 191 191
142 142 142 142 142 142 142 117  62  49  49  49  49  49  49  49
240 240 240 240 240 240 240 197  55   0   0   0   0   0   0   0
240 240 240 240 240 240 240 197  55   0   0   0   0   0   0   0
240 240 240 240 240 240 240 197  55   0   0   0   0   0   0   0
240 240 240 240 240 240 240 197  55   0   0   0   0   0   0   0
240 240 240 240 240 240 240 197  55   0   0   0   0   0   0   0
240 240 240 240 240 240 240 197  55   0   0   0   0   0   0   0
240 240 240 240 240 240 240 197  55   0   0   0   0   0   0   0
  0   0   0   0   0   0   0   0 151 255 255 255 255 255 255 255
  0   0   0   0   0   0   0   0 151 255 255 255 255 255 255 255
  0   0   0   0   0   0   0   0 151 255 255 255 255 255 255 255
  0   0   0   0   0   0   0   0 151 255 255 255 255 255 255 255
  0   0   0   0   0   0   0   0 151 255 255 255 255 255 255 255
  0   0   0   0   0   0   0   0 151 255 255 255 255 255 255 255
  0   0   0   0   0   0   0   0 151 255 255 255 255 255 255 255
  0   0   0   0   0   0   0   0 120 203 203 203 203 203 203 203
151 151 151 151 151 151 151 124  65  52  52  52  52  52  52  52
255 255 255 255 255 255 255 209  58   0   0   0   0   0   0   0
255 255 255 255 255 255 255 209  58   0   0   0   0   0   0   0
255 255 255 255 255 255 255 209  58   0   0   0   0   0   0   0
255 255 255 255 255 255 255 209  58   0   0   0   0   0   0   0
255 255 255 255 255 255 255 209  58   0   0   0   0   0   0   0
255 255 255 255 255 255 255 209  58   0   0   0   0   0   0   0
255 255 255 255 255 255 255 209  58   0   0   0   0   0   0   0

 59  31  29  29  29  29  29  29  29  29  29  29  29  29  31  55
 34   4   1   1   1   1   1   1   1   1   1   1   1   1   3  31
 33   2   0   0   0   0   0   0   0   0   0   0   0   0   1  29
 33   2   0   0   0   0   0   0   0   0   0   0   0   0   1  29
 33   2   0   0   0   0   0   0   0   0   0   0   0   0   1  29
 33   2   0   0   0   0   0   0   0   0   0   0   0   0   1  29
 33   2   0   0   0   0   0   0   0   0   0   0   0   0   1  29
 33   2   0   0   0   0   0   0   0   0   0   0   0   0   1  29
 33   2   0   0   0   0   0   0   0   0   0   0   0   0   1  29
 33   2   0   0   0   0   0   0   0   0   0   0   0   0   1  29
 33   2   0   0   0   0   0   0   0   0   0   0   0   0   1  29
 33   2   0   0   0   0   0   0   0   0   0   0   0   0   1  29
 33   2   0   0   0   0   0   0   0   0   0   0   0   0   1  29
 33   2   0   0   0   0   0   0   0   0   0   0   0   0   1  29
 34   4   2   2   2   2   2   2   2   2   2   2   2   2   4  31
 62  34  33  33  33  33  33  33  33  33  33  33  33  33  34  59
243 241 241 241 241 241 238 190  81  32  29  29  29  29  31  55
242 240 240 240 240 240 237 182  60   5   1   1   1   1   3  31
242 240 240 240 240 240 237 182  58   4   0   0   0   0   1  29
242 240 240 240 240 240 237 182  58   4   0   0   0   0   1  29
242 240 240 240 240 240 237 182  58   4   0   0   0   0   1  29
242 240 240 240 240 240 237 182  58   4   0   0   0   0   1  29
238 236 236 236 236 236 233 179  60   7   4   4   4   4   5  32
188 179 179 179 179 179 177 148  86  60  58  58  58  58  60  81
 81  57  55  55  55  55  57  84 148 179 182 182 182 182 182 190
 36   5   3   3   3   3   6  57 177 233 237 237 237 237 237 238
 33   2   0   0   0   0   3  55 179 236 240 240 240 240 240 241
 33   2   0   0   0   0   3  55 179 236 240 240 240 240 240 241
 33   2   0   0   0   0   3  55 179 236 240 240 240 240 240 241
 33   2   0   0   0   0   3  55 179 236 240 240 240 240 240 241
 34   4   2   2   2   2   5  57 179 236 240 240 240 240 240 241
 62  34  33  33  33  33  36  81 188 238 242 242 242 242 242 243
255 255 255 255 255 255 252 200  84  33  29  29  29  29  31  55
255 255 255 255 255 255 251 193  63   5   1   1   1   1   3  31
255 255 255 255 255 255 251 193  62   4   0   0   0   0   1  29
255 255 255 255 255 255 251 193  62   4   0   0   0   0   1  29
255 255 255 255 255 255 251 193  62   4   0   0   0   0   1  29
255 255 255 255 255 255 251 193  62   4   0   0   0   0   1  29
251 251 251 251 251 251 247 191  63   7   4   4   4   4   5  33
198 190 190 190 190 190 188 158  92  63  62  62  62  62  63  84
 84  60  59  59  59  59  60  89 158 191 193 193 193 193 193 200
 36   5   3   3   3   3   6  60 188 247 251 251 251 251 251 252
 33   2   0   0   0   0   3  59 190 251 255 255 255 255 255 255
 33   2   0   0   0   0   3  59 190 251 255 255 255 255 255 255
 33   2   0   0   0   0   3  59 190 251 255 255 255 255 255 255
 33   2   0   0   0   0   3  59 190 251 255 255 255 255 255 255
 34   4   2   2   2   2   5  60 190 251 255 255 255 255 255 255
 62  34  33  33  33  33  36  84 198 251 255 255 255 255 255 255

 53  29  28  28  28  28  28  28  28  28  28  28  28  28  29  58
 29   3   1   1   1   1   1   1   1   1   1   1   1   1   3  35
 28   1   0   0   0   0   0   0   0   0   0   0   0   0   2  33
 28   1   0   0   0   0   0   0   0   0   0   0   0   0   2  33
 28   1   0   0   0   0   0   0   0   0   0   0   0   0   2  33
 28   1   0   0   0   0   0   0   0   0   0   0   0   0   2  33
 28   1   0   0   0   0   0   0   0   0   0   0   0   0   2  33
 28   1   0   0   0   0   0   0   0   0   0   0   0   0   2  33
 28   1   0   0   0   0   0   0   0   0   0   0   0   0   2  33
 28   1   0   0   0   0   0   0   0   0   0   0   0   0   2  33
 28   1   0   0   0   0   0   0   0   0   0   0   0   0   2  33
 28   1   0   0   0   0   0   0   0   0   0   0   0   0   2  33
 28   1   0   0   0   0   0   0   0   0   0   0   0   0   2  33
 28   1   0   0   0   0   0   0   0   0   0   0   0   0   2  33
 29   3   2   2   2   2   2   2   2   2   2   2   2   2   3  35
 58  35  33  33  33  33  33  33  33  33  33  33  33  33  35  63
 53  29  28  28  28  28  31  83 192 238 240 240 240 240 240 242
 29   3   1   1   1   1   5  62 185 237 240 240 240 240 240 241
 28   1   0   0   0   0   4  61 185 237 240 240 240 240 240 241
 28   1   0   0   0   0   4  61 185 237 240 240 240 240 240 241
 28   1   0   0   0   0   4  61 185 237 240 240 240 240 240 241
 28   1   0   0   0   0   4  61 185 237 240 240 240 240 240 241
 31   5   4   4   4   4   7  63 182 232 235 235 235 235 235 237
 83  62  61  61  61  61  63  89 147 173 175 175 175 175 175 185
192 185 185 185 185 185 182 147  80  53  52  52  52  52  53  79
238 237 237 237 237 237 232 173  53   5   2   2   2   2   4  36
240 240 240 240 240 240 235 175  52   2   0   0   0   0   2  33
240 240 240 240 240 240 235 175  52   2   0   0   0   0   2  33
240 240 240 240 240 240 235 175  52   2   0   0   0   0   2  33
240 240 240 240 240 240 235 175  52   2   0   0   0   0   2  33
240 240 240 240 240 240 235 175  53   4   2   2   2   2   3  35
242 241 241 241 241 241 237 185  79  36  33  33  33  33  35  63
 53  29  28  28  28  28  32  86 202 252 255 255 255 255 255 255
 29   3   1   1   1   1   5  66 196 251 255 255 255 255 255 255
 28   1   0   0   0   0   4  65 196 251 255 255 255 255 255 255
 28   1   0   0   0   0   4  65 196 251 255 255 255 255 255 255
 28   1   0   0   0   0   4  65 196 251 255 255 255 255 255 255
 28   1   0   0   0   0   4  65 196 251 255 255 255 255 255 255
 32   5   4   4   4   4   8  66 193 246 250 250 250 250 250 250
 86  66  65  65  65  65  66  95 157 184 186 186 186 186 186 195
202 196 196 196 196 196 193 157  85  56  55  55  55  55  56  82
252 251 251 251 251 251 246 184  56   5   2   2   2   2   4  36
255 255 255 255 255 255 250 186  55   2   0   0   0   0   2  33
255 255 255 255 255 255 250 186  55   2   0   0   0   0   2  33
255 255 255 255 255 255 250 186  55   2   0   0   0   0   2  33
255 255 255 255 255 255 250 186  55   2   0   0   0   0   2  33
255 255 255 255 255 255 250 186  56   4   2   2   2   2   3  35
255 255 255 255 255 255 250 195  82  36  33  33  33  33  35  63

 59  34  33  33  33  33  33  33  33  33  33  33  33  33  34  62
 31   4   2   2   2   2   2   2   2   2   2   2   2   2   4  34
 29   1   0   0   0   0   0   0   0   0   0   0   0   0   2  33
 29   1   0   0   0   0   0   0   0   0   0   0   0   0   2  33
 29   1   0   0   0   0   0   0   0   0   0   0   0   0   2  33
 29   1   0   0   0   0   0   0   0   0   0   0   0   0   2  33
 29   1   0   0   0   0   0   0   0   0   0   0   0   0   2  33
 29   1   0   0   0   0   0   0   0   0   0   0   0   0   2  33
 29   1   0   0   0   0   0   0   0   0   0   0   0   0   2  33
 29   1   0   0   0   0   0   0   0   0   0   0   0   0   2  33
 29   1   0   0   0   0   0   0   0   0   0   0   0   0   2  33
 29   1   0   0   0   0   0   0   0   0   0   0   0   0   2  33
 29   1   0   0   0   0   0   0   0   0   0   0   0   0   2  33
 29   1   0   0   0   0   0   0   0   0   0   0   0   0   2  33
 31   3   1   1   1   1   1   1   1   1   1   1   1   1   4  34
 55  31  29  29  29  29  29  29  29  29  29  29  29  29  31  59
243 242 242 242 242 242 238 188  81  36  33  33  33  33  34  62
241 240 240 240 240 240 236 179  57   5   2   2   2   2   4  34
241 240 240 240 240 240 236 179  55   3   0   0   0   0   2  33
241 240 240 240 240 240 236 179  55   3   0   0   0   0   2  33
241 240 240 240 240 240 236 179  55   3   0   0   0   0   2  33
241 240 240 240 240 240 236 179  55   3   0   0   0   0   2  33
238 237 237 237 237 237 233 177  57   6   3   3   3   3   5  36
190 182 182 182 182 182 179 148  84  57  55  55  55  55  57  81
 81  60  58  58  58  58  60  86 148 177 179 179 179 179 179 188
 32   5   4   4   4   4   7  60 179 233 236 236 236 236 236 238
 29   1   0   0   0   0   4  58 182 237 240 240 240 240 240 242
 29   1   0   0   0   0   4  58 182 237 240 240 240 240 240 242
 29   1   0   0   0   0   4  58 182 237 240 240 240 240 240 242
 29   1   0   0   0   0   4  58 182 237 240 240 240 240 240 242
 31   3   1   1   1   1   5  60 182 237 240 240 240 240 240 242
 55  31  29  29  29  29  32  81 190 238 241 241 241 241 241 243
255 255 255 255 255 255 251 198  84  36  33  33  33  33  34  62
255 255 255 255 255 255 251 190  60   5   2   2   2   2   4  34
255 255 255 255 255 255 251 190  59   3   0   0   0   0   2  33
255 255 255 255 255 255 251 190  59   3   0   0   0   0   2  33
255 255 255 255 255 255 251 190  59   3   0   0   0   0   2  33
255 255 255 255 255 255 251 190  59   3   0   0   0   0   2  33
252 251 251 251 251 251 247 188  60   6   3   3   3   3   5  36
200 193 193 193 193 193 191 158  89  60  59  59  59  59  60  84
 84  63  62  62  62  62  63  92 158 188 190 190 190 190 190 198
 33   5   4   4   4   4   7  63 191 247 251 251 251 251 251 251
 29   1   0   0   0   0   4  62 193 251 255 255 255 255 255 255
 29   1   0   0   0   0   4  62 193 251 255 255 255 255 255 255
 29   1   0   0   0   0   4  62 193 251 255 255 255 255 255 255
 29   1   0   0   0   0   4  62 193 251 255 255 255 255 255 255
 31   3   1   1   1   1   5  63 193 251 255 255 255 255 255 255
 55  31  29  29  29  29  33  84 200 252 255 255 255 255 255 255
